 Teste1.txt 	Optimal 	22.000 	 22.000 	 22.000 	 -1 	 -1 	 0.000 	 0 	 0.000 	 0.000 	 1.103 	 
 Teste1.txt 	Optimal 	22.000 	 22.000 	 22.000 	 -1 	 -1 	 0.000 	 0 	 0.000 	 0.000 	 1.594 	 
 Teste1.txt 	Optimal 	22.000 	 22.000 	 22.000 	 0.000 	 1.117 	 
 Teste1.txt 	Optimal 	22.000 	 22.000 	 22.000 	 0 	 0 	 0.000 	 0 	 0.000 	 0.000 	 1.016 	 
 Teste1.txt 	Optimal 	22.000 	 22.000 	 22.000 	 0 	 0 	 0.000 	 0 	 0.000 	 0.000 	 0.912 	 
 Teste1.txt 	Optimal 	22.000 	 22.000 	 22.000 	 0 	 0 	 0.000 	 0 	 0.000 	 0.000 	 0.866 	 
 Teste1.txt 	22.000 	 22.000 	 22.000 	 0 	 0 	 0.000 	 0 	 0.000 	 0.000 	 0.864 	 
 Teste1.txt 	22.000 	 22.000 	 22.000 	 0 	 0 	 0.000 	 0 	 0.000 	 0.000 	 0.958 	 
 Teste1.txt 	Optimal 	22.000 	 22.000 	 22.000 	 0 	 0 	 0.000 	 0 	 0.000 	 0.000 	 0.918 	 
 Teste1.txt 	Optimal 	22.000 	 22.000 	 22.000 	 0 	 0 	 0.000 	 0 	 0.000 	 0.000 	 0.947 	 
 Teste1.txt 	Optimal 	22.000 	 22.000 	 22.000 	 0 	 0 	 0.000 	 0 	 0.000 	 0.000 	 0.565 	 
 Teste1.txt 	Optimal 	22.000 	 22.000 	 22.000 	 0 	 0 	 0.000 	 0 	 0.000 	 0.000 	 0.674 	 
